dt: 0.0045
goal_pos1: 3.141592653589793
goal_pos2: 0.0
goal_vel1: 0.0
goal_vel2: 0.0
integrator: euler
start_pos1: 0.17079632679489665
start_pos2: 0.0
start_vel1: 0.0
start_vel2: 0.0
t_final: 15.0
